24.01
24.31
24.23
24.26
24.46
25.05
25.2
25.08
24.68
22.23
22.58
21.66
21.65
22.05
21.1
21.01
21.09
20.77
20.4
20.71
20.58
20.79
21.83
21.82
22.42
22.27
21.88
21.13
20.76
20.36
19.91
20.05
20.17
20.32
19.9
19.59
19.66
19.39
19.9
19.71
20.61
20.62
21.25
21.68
20.31
17.14
17.25
17.37
17.87
17.89
18.02
18.28
18.33
18.63
18.45
17.73
17.41
17.67
17.85
18.25
17.75
17.59
17.09
16.87
16.85
16.95
16.59
16.98
17.61
17.58
17.62
17.76
17.6
18.01
18.21
18.2
18.17
17.66
17.45
17.22
16.83
16.65
16.86
16.91
16.93
16.93
16.77
16.65
16.89
16.96
16.63
16.11
15.99
15.87
16.16
15.95
16.09
15.92
15.75
16.14
16.15
16.4
16.29
16.18
16.07
16.21
16.09
16.75
16.84
19.61
19.97
20
20.11
20.53
20.12
19.98
19.94
19.64
19.32
19.25
18.64
18.08
18.02
17.92
17.82
17.65
17.87
17.65
17.95
18.12
18.29
18.5
18.15
17.78
16.91
17.06
16.67
16.83
16.76
16.97
17.04
16.9
17.59
17.44
17.57
18.23
18.31
18.53
18.32
18.43
18.23
17.95
17.98
18.15
18.43
18.35
18.51
18.28
19.49
19.23
18.61
18.39
18.54
18.37
18.31
18.69
18.48
18.57
18.24
17.54
16.48
16.61
15.82
14.66
14.71
14.63
14.65
14.54
14.44
14.4
14.3
14.42
14.31
14.36
14.29
14.39
14.53
14.69
14.84
14.95
14.92
15.04
14.94
14.99
15.14
14.93
14.98
14.54
15.09
15.08
15.19
15.03
15.32
15.21
15.12
15.22
15.24
15.18
15.56
15.75
15.79
15.79
15.77
16.06
15.98
16.03
16.08
16.42
16.62
16.35
16.74
16.52
15.81
15.58
16.41
18.72
18.26
17.93
17.61
17.78
17.24
17.62
16.94
16.57
16.81
16.73
16.52
16.61
16.58
16.79
17.11
16.96
17.25
17.38
17.3
17.37
17.5
17.17
17.09
16.86
16.44
16.3
16.39
16.39
16.61
16.5
16.41
17.08
17.92
18.24
18.63
18.79
18.93
19.37
18.93
19.65
19.64
19.48
18.23
18.23
17.93
18.03
18.49
18.19
18.3
18.06
18.22
18.63
18.6
18.73
18.55
18.63
18.98
19.14
18.55
18.37
19.13
18.38
18.41
18.02
17.58
17.61
17.49
17.95
17.66
17.4
17.29
17.26
18.03
18.09
16.9
17.07
16.83
16.73
16.88
17.79
18.05
18
17.56
19.85
19.87
24.87
23.52
24
23.05
23.01
22.96
23.72
23.37
22.62
18.63
18.49
18.39
18.36
19.11
18.3
18.08
17.76
18.15
18.11
18.7
19.87
19.93
19.55
19.5
19.21
18.38
18.47
18.3
18.32
18.25
18.69
18.55
18.98
19
20.17
20.4
20.86
19.54
19.78
19.04
18.68
18.2
18.26
18.13
17.61
16.42
16.64
16.64
16.31
15.77
18.45
18.65
18.37
18.39
18.56
18.33
18.65
18.08
17.96
17.74
18.1
17.71
18.08
17.37
17.2
17.14
17.28
16.91
16.83
16.42
15.84
16.44
17.04
16.13
16.32
16.34
16.1
15.87
15.96
15.36
14.55
14.02
14.6
14.95
15
15.27
15.2
15.2
15.02
15.22
15.1
14.3
14.41
14.03
14.41
14.43
14.15
14.14
14.34
14.29
14.1
14.08
14.59
14.63
14.2
14.4
14.12
14.84
14.01
14.4
14.62
14.64
14.86
17.75
17.09
17.23
17.51
17.4
16.92
17.31
17.58
17.53
17.37
16.57
16.51
16.65
16.98
17.26
17.05
17.09
15.98
16.55
16.36
15.97
15.6
15.91
16.01
16.86
16.89
16.85
16.85
16.7
16.19
17.12
16.81
16.61
17.66
18.33
19.17
19.36
19.31
18.54
17.85
18.12
17.94
17.59
18
18.3
18.3
18.31
18.43
17.46
16.36
15.88
14.31
14.98
14.4
14.9
15.72
16.91
16.56
16.08
17.91
16.8
16.49
16.78
17.01
17.02
17.84
17.83
17.38
16.69
17.94
19
18.68
19.62
19.65
19.98
20.26
21.39
21.92
22.56