176.46
177.92
177.62
175.99
177.2
177.45
177.89
179.51
180.82
180.18
178.39
178.3
176.96
179.04
179
180.14
176.06
172.83
171.47
175.1
177.18
175.13
182.42
183.03
182.78
180.87
181.86
178.74
179
179.59
177.95
178.07
178.77
178.46
179.3
179.56
180.25
180.17
178.92
178.92
182.66
180.06
179.87
177.88
170.63
170.6
171.8
171.27
174.98
174.56
176.03
176.11
174.52
173.74
172.55
172.74
171.59
172.5
172.23
171.24
168.42
169.96
169.47
170.87
168.73
167.68
164.21
162.87
170.54
171.11
172.17
172.52
170.01
171.64
170.96
173.05
172.96
173.51
170.95
173.21
172.09
170.72
172.02
171.97
169.92
168.05
167.24
166.32
167.74
168.71
169.64
167.78
167.41
166.91
170
171
170.75
168.08
167.4
171.18
171.23
171.98
169.62
168.59
169.3
169.86
169.25
172.45
170.44
165.61
165.28
166
164.43
164.53
164.14
162.86
159.73
159.97
159.26
158.9
155.27
153.5
151.44
148.82
150.34
148.43
150.98
151.04
153.24
150.58
153.59
155.07
153.4
153.91
152.25
152.87
150.64
149.8
150.25
150.68
148.44
149.6
154.71
153.12
152.81
153.63
153.61
151.53
151.46
152.38
152.13
151.96
150.04
148.07
148.24
148.06
147.66
144.85
149.78
150.19
150.33
150.04
150.29
150.48
151.06
150.24
150.85
151.8
152.78
152.46
150.25
147.7
146.56
146.49
145.47
143.68
143.8
142.27
140.96
141.42
139.39
139.58
139.92
141.04
140.78
141.17
141.85
141.73
142.28
142.05
142.41
142.65
141.76
140.32
140.34
139.53
139.59
138.51
139.94
139.84
139.99
139.72
139.32
139.6
138.79
138.24
137.72
137.3
137.42
137.17
136.76
137.42
135.54
136.41
135.44
135.36
136.12
133.72
133.53
133.84
133.44
133.85
134.05
134.19
134.14
134.2
131.84
132.06
130.98
130.84
133.23
130.32
130.98
132.18
132.78
131.48
129.37
128.93
127.04
127.55
127.92
127.87
128.34
126.62
126.09
124.35
124.9
123.41
120.67
118.69
116.86
115.05
116.35
116.92
118.01
117.27
117.4
119.04
119.09
119.24
119.87
120.57
120.21
120.31
117.77
119.68
118.91
117.95
117.31
117.43
115.4
115.1
118.42
120.87
120.41
120.38
120.84
121.47
121.77
117.02
117.79
116.34
117.2
115.08
119.02
120.8
123.18
124.22
122.15
120.75
120
127.17
129.5
130.99
131.29
129.69
131.04
132.29
133.28
132.07
130
130.11
128.57
127.54
127.88
127.82
129.05
128.88
130.24
128.99
128.74
128.47
128.19
128.77
128.27
128.09
129.23
128.69
127.31
127.96
130.08
129.94
128.64
128.65
129.07
128.35
127.77
127.21
128.69
127.1
130.27
131.05
129.73
126.51
126.17
126.12
125.84
126.54
124.96
123.89
123.48
124.37
124.15
123.56
123.91
124.37
123.3
123.9
124.88
124.9
124.88
125.06
125.26
125.15
124.36
122.51
123.09
124.31
123.94
125
123.34
121.22
121.63
121
120.61
121.92
120.61
119.37
116.86
117.29
116.78
117.93
117.87
117.24
115.85
116.7
114
114.19
114.28
114.16
112.7
108.97
112.08
115.08
113.91
114.38
113.37
113.02
114.39
114.6
114.94
113.95
116.62
118.56
118.39
117.76
118.79
118.47
118.93
118.78
118.81
119.38
119.47
117.89
117.7
115.97
117.35
116.81
117.65
117.35
118.67
119.81
120.28
119.52
120.5
119.24
119.49
117.81
118.06
117.43
118.57
117.58
116.73
108.89
108.76
110.1
110.56
113.44
112.42
112.29
110.45
109.64
110.84
110.51
110.61
108.99
110.63
113.64
113.71
112.22
112.55
116.06
114.1
114.7
116.14
113.69
113.05
112.54
112.25
111.85
111.45
111.02
112.18
110.67
109.89
109.41
107.32
107.51
105.93
105.73
108.39
109.58
109.95
109.82
106.92
107.92
108.07
106.88
105.46
107.16
104.57
103.47
105.2
101.61
102.01
101.91
101
99.54
99.75
104.07
110.49
112.69
114.61
115.09
112.21
109.11
94.45
97.34
97.01
97.94
94.16
94.35
95.26
94.97
98.37
95.44
99.37
97.51
97.33
97.92
102.97
102.73
102.22
104.66
106.22
107.26
105.93
105.02
104.63
105.51
104.77
104.04
106.22
106.79
104.55
104.66
102.12
105.42
104.6
106.49
105.61
106.18
104.38
106.07
107.12
104.24
105.45
105.41
105.74
106.95
107.32
106.26
107.77
105.13
104.04
103.95
108.02
109.01
107.91
106.49
107.095
108.76
103.94
102.58
103.31
101.97
104.88
104.2
103.7
103.77
102.19
99.67
97.11
97
98.47
97.54
95.96
94.07
94.12
94.26
93.24
92.47
92.4
92.8
94.01
92.07
90.95
89.9
86.67
89.21
92.77
94.41
93.97
92.96
95.55
94.4
94.34
93.45
92.9
92.31
92.05
91.98
90.44
89.53
88.26
88.15
89.89
87.23
89.43
91.01
89.73
87.19
83
82.09
86.06
90.56
95.31
95.17
93.93
94.42
93.43
94.19
93.62
94.15
94.3
95.12
96.44
94.06
94.14
94.01
95.21
96.99
95.29
94.17
96.95
95.44
97.04
98.39
97.91
94.97
90.85
89.76
89.68
90.1
87.95
85.88
85.65
87.22
87.55
87.285
86.91
85.765
85.8
88.01
87.98
88.86
87.88
84.74
82.51
82.905
81.79
81.06
80.71
81.53
81.83
82.16
80.67
80.67
82.14
82.05
82.44
80.445
80.29
79.19
80.145
80.55
79.335
80.54
80.48
80.55
80.63
80.88
80.42
81.37
78.44
77.46
78.01
78.51
78.425
78.1
77.56
78.81
78.99
78.77
80.465
80.68
81.91
81.53
82.41
84.63
83.62
83.09
80.775
82.31
82.705
83.515
83.01
82.04
82.17
82.275
82.32
82.44
81.555
81.665
82.215
83.195
83.3
83.01
82.92
85.31
84.43
83.8
82.75
80.91
79.365
78.07
78.05
78.93
77.57
77.55
79.44
80.005
81.21
80.895
79.6
79.75
78.97
80.41
79.56
78.45
78.84
79.895
79.42
76.71
75.6
75.74
76.23
76.51
75.19
74.44
74.47
75.615