24.33
24.6
24.54
24.57
25.27
25.56
25.44
25.49
24.74
22.86
23.24
21.98
22.25
22.2
21.4
21.45
21.4
20.93
20.94
20.98
21.12
22.11
22.15
22.4
22.48
22.4
21.91
21.26
20.79
20.49
20.33
20.445
20.305
20.58
20.24
19.98
20.18
19.85
20.24
20.63
20.99
21.56
21.775
21.96
20.63
17.41
17.6
17.955
18.06
17.95
18.35
18.465
18.61
18.79
18.66
17.78
17.93
18.05
18.13
18.29
17.82
17.63
17.15
17.04
16.93
17.05
17.16
17.72
17.6275
17.65
17.84
17.8
18.09
18.395
18.27
18.49
18.29
17.78
17.46
17.41
17.05
16.9
17
17.1
17.04
17.055
16.88
16.82
17.07
17.05
16.65
16.2534
16.07
16.29
16.36
16.22
16.28
16.06
16.18
16.16
16.48
16.42
16.43
16.42
16.29
16.32
16.62
17.2
17.6
20.02
20.185
20.62
20.36
20.88
20.21
19.99
20.2362
19.97
19.67
19.54
18.66
18.15
18.335
18.58
17.9569
18.0073
18.075
17.936
18.235
18.6
19.01
18.63
18.38
18.04
17.15
17.08
16.81
16.89
17.13
17.22
17.1867
17.66
17.61
17.745
18.15
18.34
18.58
18.66
18.6
18.72
18.3
18.27
18.34
18.5133
18.52
18.9
18.61
19.25
19.785
19.3184
19.05
18.745
18.56
18.49
18.68
18.725
18.89
18.595
18.53
17.65
16.79
16.63
16.48
14.96
14.82
14.75
14.75
14.79
14.56
14.55
14.5
14.78
14.4
14.46
14.43
14.62
14.815
14.76
14.98
15.06
15.08
15.06
15.17
15.055
15.37
15.05
14.99
15.1
15.11
15.23
15.28
15.3
15.58
15.27
15.27
15.385
15.36
15.73
15.78
16.1
16
15.9
16.04
16.13
15.985
16.27
16.5101
16.69
16.625
16.79
16.89
16.6
15.99
16
17.12
18.77
18.67
17.97
17.85
17.86
17.92
17.74
17.1
16.97
17.07
16.79
16.6579
16.81
16.9
17.15
17.14
17.09
17.66
17.39
17.6
17.78
17.555
17.43
17.27
16.94
16.45
16.5701
16.65
16.7332
16.87
16.6734
16.89
17.55
18.3218
18.7
18.89
19.15
19.62
19.59
19.7
19.84
19.71
19.55
18.5
18.36
18.16
18.83
18.8
18.6801
18.3
18.31
18.59
18.87
18.91
18.91
18.9601
19.151
19.51
19.2
18.729
19.3
19.235
18.56
18.69
18.34
17.8599
17.95
18
18.04
18
18.12
17.66
17.84
18.37
18.35
17.07
17.26
17.13
16.9793
18.05
17.99
18.19
18.2
18.24
20.53
21
25.25
23.79
24.25
23.25
23.36
23.63
23.98
23.57
22.89
18.92
18.5
18.64
19.24
19.25
18.42
18.39
18.1
18.24
18.82
19.31
20.65
20.14
19.87
20.14
19.6
18.69
18.55
18.53
18.65
18.97
18.93
18.96
19.31
19.6
20.44
20.79
21.1
19.71
19.83
19.57
18.79
18.48
18.58
18.31
17.88
16.7
16.85
16.74
16.34
16.59
18.65
18.7
18.3893
18.8
18.76
18.895
18.75
18.18
18.28
18.32
18.38
17.88
18.1649
17.675
17.34
17.28
17.5
17
17.01
16.64
16.4
16.9
17.07
16.32
16.56
16.64
16.3689
15.95
16.44
15.42
15.3
14.45
14.8595
15.12
15.37
15.45
15.3489
15.26
15.17
15.49
15.1
14.48
14.57
14.22
14.6
14.51
14.305
14.57
14.59
14.37
14.28
14.68
14.86
14.69
14.47
14.4
14.98
14.878
14.25
14.77
14.93
15.09
15.28
17.98
17.75
17.51
17.77
17.52
17.39
17.72
17.91
17.7
17.4
16.77
16.98
17.25
17.59
17.48
17.83
17.5403
16.43
16.84
16.72
15.99
16.005
15.988
16.91
17.01
17.05
17.38
17.147
16.77
17.04
17.32
16.94
17.7719
18.74
19.15
19.73
20.32
19.44
18.74
18.48
18.57
18.03
17.95
18.09
18.96
18.675
18.88
18.55
17.6
16.4
15.94
14.79
15.28
15.545
15.55
16.64
17.175
16.74
17.27
18.77
17.07
17.34
17.62
17.28
17.45
18.56
18.32
19.04
18.18
18.53
19.16
19.76
20.41
20.2
20.72
21.48
22.18
23
22.84