178.85
178.9367
178.44
177
177.53
178.68
179.81
180.08
181.3
180.4934
180.3601
179.16
179.18
180.22
182.28
180.39
176.77
175.38
176.57
177.48
178.275
181.97
184.25
183.73
183.15
181.73
181.89
179.5
179.98
179.83
178.57
178.97
179.04
179.0999
179.4
180.35
180.7478
180.45
179.86
181.94
182.9
180.8
180.69
178.21
172.285
172.25
173.24
175.34
175.88
176.03
176.74
176.13
175
174.65
173.85
172.78
173.2
174.88
172.37
171.31
170.67
170.73
171.87
171.66
169.0696
168.34
165.5
169.3
171.73
172.27
173.05
172.56
172.07
172.34
172.28
173.17
174
173.89
173.49
173.3067
172.48
172.3875
172.915
172.145
170.18
168.425
167.7
168.38
169.29
169.36
169.87
168
168.67
169.86
171.38
171.5
171.08
168.82
170.59
171.45
173.05
172.06
170.06
169.7
170.55
170.47
172.72
173.43
175.49
166.01
165.54
166.17
165.05
165
165.7
163.73
160.78
160.32
159.78
159.16
155.4225
153.98
151.99
150.04
150.85
152.15
151.92
152.5
153.47
153.31
156.5
155.2
154.55
154.08
153.84
153.57
150.83
150.0366
152.4
151.18
149.195
155.59
154.73
153.75
154.52
154.7088
153.63
152.29
153.35
152.9
152.25
152.59
150.23
148.81
148.59
149.39
148.15
148.67
150.21
151.48
150.46
150.65
150.52
152.59
151.08
151.63
151.52
153.6
153.44
152.57
151.53
147.75
147.59
147.15
145.6738
144.17
144.25
143.04
141.905
141.55
140.58
140.4
141.0299
141.43
141.55
142.22
143.44
142.09
142.47
142.63
142.95
142.86
141.95
140.65
141.0244
140.39
139.79
142.3082
140.19
140.34
140.25
140.1
139.46
139.68
139.49
138.57
137.99
138.37
137.83
137.33
137.82
137.48
136.805
137.1846
135.62
136.12
136.79
133.91
134.0912
133.87
133.7
134.23
134.6975
134.94
134.5
134.44
133
132.06
132.85
135.49
133.49
130.66
131.58
132.95
133.14
131.74
129.9
129.25
128.48
128.35
128.43
128.34
129.27
126.73
126.12
125.5
125.43
123.88
120.95
119.66
117.84
116.83
117.531
118.25
118.68
117.56
118.99
119.2
119.77
120.36
121.5
122.5
121.69
121.52
119.24
119.94
119.5
117.95
117.795
117.57
116.48
118.45
121.79
122.1
121.69
121.14
121.31
122.98
121.95
119.13
117.79
117.88
118.49
119.1256
120.7
124.18
123.81
124.61
123.2089
121.93
123.28
130.23
131.94
132.12
132.97
131.8
132.26
133.5
133.405
132.13
130.66
130.47
129.39
128.47
128.95
128.25
129.66
130.64
130.7
129.25
129.06
128.8
129.2765
129.09
128.59
129.29
129.47
129.01
128.16
128.6
130.73
130.005
129.17
129.94
129.18
129.1
128.8
128.35
128.76
129.949
131.08
131.98
129.94
126.86
126.63
126.22
126.6
126.73
125.19
124.37
124.69
125.09
124.83
124.157
124.26
124.38
123.92
124.92
125
125.38
125.48
126.09
125.45
125.835
124.79
123.92
124.8
124.58
125.84
128.33
125
122.07
121.85
121.01
122.1
122.2
120.85
119.61
118.28
117.64
118.4
118.72
118.7
117.5
116.97
116.79
114.11
115.13
115.18
114.25
112.75
111.57
113.68
115.09
114.74
115.2142
114.72
114.43
114.5
115.44
114.95
115.48
118.11
118.68
118.6
119.3
119.43
118.98
119.44
119.08
120.1
119.85
119.7601
118.665
117.73
117.6
117.99
117.49
118.27
119.01
119.61
120.64
120.84
121.08
120.5
120.28
119.637
118.98
118.3
118.16
118.73
117.84
120.79
108.94
110.5
110.67
111.75
114.04
113.27
112.45
110.81
110.97
112.04
112.65
111.1645
110.91
114.33
114.89
113.81
113.32
114.55
116.17
115.01
116.99
116.32
114.5889
113.09
113.19
112.88
112.37
112.42
112.69
112.5
110.83
110.33
109.42
108.66
107.51
107.37
108.07
110.05
110.3
110.55
109.82
108.9101
109.45
108.07
106.95
107.47
108.25
105.02
106
105.72
103.93
104.24
105.11
103.25
102.4
102.68
109.58
111.94
115.3407
117.59
115.72
112.84
110.34
97.85
97.88
99.48
98.07
95.99
95
97.42
96.38
98.87
100.58
99.96
98.6
100.5
101.43
103.77
103.7099
102.24
106.17
107.25
107.74
105.98
105.32
106.11
105.6601
105.15
106.59
107.75
107.09
105.8
104.74
104.34
106.4
106.44
106.91
106.83
107.73
106.85
107.92
107.15
106.0999
105.96
106.6
106.49
107.468
107.87
107.73
107.88
106.2
104.17
108.25
109.39
109.87
108.15
108.25
108.74
110.65
104.14
103.65
103.47
104.72
105.12
104.48
104.1
103.81
102.85
99.73
98.18
99.59
98.57
97.59
96.3
95.2
95.37
94.6
93.74
93.22
93.66
94.17
94.27
92.2
90.95
90.02
90.06
92.29
95.85
94.765
94.32
94.68
96.49
95.19
95.51
93.6
93.25
92.62
92.08
92.06
91.98
90.24
88.39
89.82
89.89
89.39
91.05
91.48
90.06
87.46
87.67
87.14
89.18
94.77
96.1
95.85
94.46
94.72
94.73
94.44
94.76
95.9
95.4
98.74
97.09
94.73
95.08
96.33
95.81
97.28
95.56
96.61
97.76
97.45
97.58
99.24
98.6
95.39
90.86
90.99
90.8
90.22
88.22
87.6
86.75
87.85
88.1846
87.44
87.95
86.7
87.5
88.34
89.4
89.25
87.97
84.97
82.98
83.19
82.22
81.51
80.93
82.09
82.9
82.6
81.19
82
82.46
82.95
82.53
81.35
80.38
80.07
81.0745
80.66
80.6
81.31
80.92
81.1
81.69
81.38
81.52
81.845
78.53
77.89
79.03
79.23
78.94
78.81
78.8
79.69
79.76
80.96
81.39
81.9
82.93
82.94
85.59
84.74
84.49
83.15
82.11
83.07
83.66
83.69
83.94
82.61
82.8
83.1
83.42
82.81
82.56
82.72
83.5
84.34
83.95
83.77
85.52
86.0699
84.96
84.6
83
81.24
79.78
78.12
79.38
79.05
78.43
79.26
79.91
81.33
81.99
81.15
79.7
79.855
81.23
81.37
80.2
79.48
80.19
80.34
79.84
76.9
76.91
76.48
76.87
76.75
75.34
74.83
75.7
75.98