176.46
177.68
176.26
174.67
176.23
177.05
177.36
178.22
179.75
178.36
177.68
177.25
176.6
178.8
178.7401
175.8
171.9
169.01
170.79
172.34
175.2
174
182.09
181.99
180.29
180.44
178.99
178.1
178.9
178.5
176.4
177.18
177.3
177.96
177.09
179.11
178.96
178.31
176.71
177.34
180.57
178.94
177.61
173.9
170.39
168.89
171.5
171.25
174.63
172.63
175.75
174.36
174.06
173.2
172.29
171.4
170.8
172
169.75
168.6
168.29
169.2
168.75
168.81
167.16
165.57
162.78
161.56
169.22
170.01
170.7
170.36
169.34
170.26
170.5
172.06
171.75
172.2
170.8
170.27
169.57
169.55
171.31
170.06
167.63
165
166.33
166.18
166.41
168.2
167.15
165.82
166.21
166.85
169.24
170.01
169.29
166.85
166.85
169.56
170.62
169.66
168.69
168.25
166.91
169.05
168.55
169.05
167.5
164.1
163.8619
164.31
163.75
162.81
163.17
159.42
158.81
159.3254
158.4227
156.2
152.91
151.51
149.19
148
148.13
147.8
150.06
148.9175
149.86
150.39
153.1954
152.65
152.91
151.88
152.21
151.71
148.6
146.3747
149.05
148.9
144.56
146.61
153.1
152.34
152.48
153.41
151.3
150.3
151.09
151.64
151.15
149.95
148.42
147.25
147.69
147.96
144.51
144.4216
149.03
149.77
149.63
149.41
148.86
150.21
149.74
149.79
148.72
151.34
151.66
151.42
149.07
146.14
146.09
145.7898
144.34
142.27
142.689
141.27
140.61
139.75
139.33
139.44
138.81
140.63
140.24
140.91
141.29
141.27
140.82
141.89
141.85
141.43
140.01
138.77
139.76
139.09
137.6
138.4
139.25
139.7
139.73
138.49
138.52
138.6729
138.22
137.4
137.0516
136.99
136.51
136.08
136.31
136.3
134.75
135.02
134.16
134.33
133.46
132.9
133.17
133.022
132.66
132.55
133.7
133.68
133.31
132.44
131.661
130.3
130.76
130.4
130.68
129.5157
129.6
131.08
131.4401
129.77
128.38
126.95
126.78
127.45
126.84
127.4
127.37
124.8
124.06
124.28
123.04
120.03
118.3209
117.29
115.51
114.7739
116.06
116.65
116.864
116.3
116.93
118.48
118.8
118.51
119.27
119.63
118.85
117.61
117.65
118.95
117.64
116.57
116.33
115.07
114.3
114
117.95
120.4
119.82
120.07
119.94
120.9
117.8
116.84
116.01
114.21
115.83
113.5535
118.15
115.27
120.51
121.54
121.35
119.25
119.5
126.28
128.65
130.8835
129.93
129.27
130.935
132.22
132.15
129.7
129.5
128.6
128.01
127.32
127.58
126.75
128.46
128.23
129.2
128.33
128.08
127.83
127.5499
127.8
127.45
127.55
128.4
127.43
126.8
127.3
129.56
128.39
128.0307
128.26
128.2
127.67
126.89
126.66
125.75
127.1
129.81
129.95
126.47
126
125.6
125.1
125.15
124.35
123.91
123.1
123.09
124.25
123.11
123.28
123.64
122.85
122.78
123.7
124.18
124.75
124.54
124.53
124.55
124.6184
122.51
122.31
122.07
122.86
123.71
123.63
121.51
120.75
117.78
119.31
120.25
120.56
118.66
116.89
116.58
116.7
116.68
117.57
117.5
115.85
115.36
112.97
112.97
113.81
113.67
113.04
110.55
108.23
111
113.54
113.61
113.97
112.75
112.56
112.94
114.07
113.58
113.31
116.26
117.71
117.27
117.67
118.36
117.86
118.22
117.82
118.121
119.01
117.92
117.38
116.12
115.94
116.95
115.88
116.73
117.2
117.35
119.68
118.9
119.42
119
118.9
117.1127
117.25
116.57
117.02
116.57
115.84
116.23
106.31
108.15
109.07
109.01
112.31
111.56
109.16
109.2
109.2
110.26
106.52
108.99
108.77
109.9
113.0663
112.42
111.9
111.61
113.35
113.7682
114.355
113.64
112.95
111.68
112
111.17
111.03
110.27
110.73
110.1
108.84
108.77
107.92
105.7699
105.49
104.4
104.72
107.93
108.54
108.77
107.6
106.75
107.16
105.61
102.74
105.12
105.34
102.06
103.03
100.4
100.24
101.09
98.88
100.24
96.82
97.46
103.18
109.25
109.75
113.2
112.01
108.84
104.81
94.23
95.66
96.93
95.49
92.62
89.37
93.92
93.54
92.45
95.21
97.55
95.39
97.0311
97.3
100.9
101.665
99.75
104.62
106.06
106.25
104.53
104.5
103.86
104.81
103.6
103.97
106.13
104.19
104.28
101.46
101.91
104.41
103.55
103.95
104.66
104.11
103.35
105.79
104.5
103.75
104.86
105.1
104.39
106.08
106.62
105.95
105.39
104.14
100.47
103.83
108
107.11
105.24
105.86
105.91
107.95
102.48
102.4
101.18
101.65
103.52
102.92
102.4
101.55
100.16
97.55
96.47
96.56
96.92
95.35
94.9
93.61
93.55
92.67
92.239
90.47
91.37
92.34
92.66
88.37
88.36
88.01
85.72
88.18
92.06
92.24
92.8
91.92
94.52
93.05
92.9
92.63
91.79
91.6
91.13
89.63
90.17
88.83
86.7
87.73
87.63
86.5
88.89
89.792
87.19
83.26
83
72
85.61
90.46
94.161
94.04
93.39
93.21
93.35
91.19
92.9006
93.63
93.61
94.42
95.18
93.33
92.8
93.95
91.8
94.74
93.31
93.8301
95.88
94.81
95.92
97.1427
95.36
92.54
89.77
89.42
89.65
88.42
86.77
85.6499
85.445
85.231
86.39
86.3401
86.49
85.57
85.73
86.8283
87.835
87.45
84.76
83.31
82.12
81.57
81.34
80.45
80.07
81.2
81.36
80.81
79.32
80.13
81.51
81.51
81.25
79.56
78.66
78.88
80
79.43
79.08
80.25
80.08
79.46
80.55
80.23
80.18
78.67
77.65
76.79
77.93
78.03
77.56
77.05
77.22
78.6301
78.11
78.32
79.52
80.23
81.63
81.48
82.41
83.65
83.54
81.24
80.37
82.15
82.27
82.44
81.92
81.91
81.71
81.84
82.22
80.8
81.44
80.87
82.21
82.41
82.88
82.14
82.92
84.52
83.3
83.07
81
79.17
78.34
77.36
77.68
77.91
77.26
77.55
78.63
79.83
81.05
78.85
78.52
78.52
78.62
79.72
78.5
78.1
78.38
79.2
76.95
75.45
75.08
75.5
75.89
75.03
74.5
73.45
74.25
75.21