23.91
24.17
24.07
24.13
24.38
24.7
24.69
23.92
23.13
22.185
21.62
21.52
21.625
21.1
20.95
20.97
20.4
20.3
20.225
20.12
20.51
20.52
21.56
21.7
22.17
21.8
21.15
20.7
20.25
19.985
19.73
19.88
19.93
19.74
19.36
19.37
19.51
19.26
19.52
19.64
20.4
20.46
21.06
20.15
18.9
17.03
17.23
17.34
17.83
17.65
17.97
18.11
18.23
18.35
17.73
17.43
17.39
17.65
17.66
17.74
17.5
17.12
16.78
16.75
16.75
16.755
16.57
16.82
17.42
17.35
17.51
17.48
17.47
17.95
17.94
18.09
17.7
17.27
17.08
16.8301
16.5162
16.44
16.58
16.88
16.8
16.6
16.61
16.51
16.78
16.44
16.14
15.9301
15.77
15.86
15.96
15.93
16.01
15.67
15.73
15.96
16.05
16.24
16.1299
16.05
15.945
15.91
16
16.52
16.5
19.27
19.69
19.82
20
20.18
19.83
19.41
19.73
19.33
19.08
18.91
18.1
17.775
17.97
17.63
17.42
17.41
17.47
17.23
17.75
18.12
18.11
18.15
17.66
17.11
16.84
16.75
16.55
16.46
16.57
16.76
16.27
16.45
17.27
17.3
17.47
18.02
18.22
18.2
18.08
18.18
17.95
17.94
17.83
17.98
18.27
18.27
17.97
18.22
19.09
18.63
18.34
18.31
18.25
18.195
18.16
18.37
18.36
18.15
17.35
16.97
16.43
15.8
15.76
14.63
14.56
14.41
14.51
14.44
14.27
14.12
14.22
14.26
14.2
14.2
14.25
14.3
14.41
14.58
14.65
14.91
14.9
14.7
14.8
14.75
15.03
14.73
14.32
14.5
14.82
15.03
15.04
14.85
15.15
15.1
14.94
15.03
15.08
15.16
15.5
15.68
15.72
15.585
15.74
15.72
15.85
15.9
16.01
16.3
16.36
16.32
16.3
15.85
15.51
15.5
16.26
18.045
17.99
17.41
17.44
17.12
17.1
16.91
16.41
16.53
16.79
16.59
16.33
16.46
16.46
16.75
16.83
16.86
17.23
16.96
17.17
17.32
17.19
17.11
16.8
16.5
16.21
16.22
16.3
16.2914
16.42
16.16
16.27
17.01
17.87
18.22
18.53
18.71
18.89
18.94
18.9
19.3832
19.08
18.2
18.1307
17.87
17.86
17.735
18.18
18.13
17.85
18.03
18.08
18.51
18.59
18.64
18.53
18.59
18.91
18.5
18.07
18.03
17.91
17.77
18.11
17.5
17.26
17.38
17.261
17.64
17.5
17.07
17.17
17.15
17.49
16.74
16.82
16.88
16.79
16.43
16.28
17.67
17.81
17.65
16.93
19.645
19.6
24.13
23.34
23.455
22.82
22.86
22.44
22.9
21.65
21.11
18.44
18.13
18.23
18.28
18.74
18.06
17.9
17.52
17.68
17.92
18.59
19.795
19.4775
19.35
19.27
18.38
18.32
18.3
18.1
18.23
18.2
18.65
18.52
18.76
18.92
19.9
20.29
19.83
19.01
19.1138
18.56
17.971
17.935
18.14
17.36
16.33
16.2
16.4
16.24
15.88
15.69
18.164
18.17
17.76
18.35
18.45
18.27
18.05
17.81
17.911
17.5
17.92
17.52
17.47
17.24
16.81
16.76
16.9
16.73
16.43
16.16
15.46
16.2
16.28
16.045
16.17
16.15
15.96
15.4
15.71
14.8
14.505
14
14.59
14.81
14.91
15.18
14.96
14.8463
14.62
15.08
14.23
14.19
14.06
13.725
14.3301
14.16
14.04
14.05
14.13
14.06
14
14
14.44
14.16
14.15
13.98
14.08
13.92
13.9
14.17
14.32
14.62
14.81
17.08
16.88
17.02
17.42
16.9
16.68
17.06
17.31
17.14
16.68
16.15
16.41
16.41
16.85
16.9
16.89
15.96
15.83
16.21
16.01
15.33
15.4
15.565
16.01
16.7
16.68
16.76
16.62
16.13
16.14
16.79
16.46
16.38
17.52
18.33
18.77
19.06
18.48
17.715
17.59
17.78
17.4975
17.31
17.11
18.1
17.76
17.77
17.52
16.43
15.67
14.53
13.91
14.52
14.31
14.73
15.62
16.29
15.55
16.01
17.3
16.51
16.45
16.77
16.4
16.51
17.73
16.8
15.48
16.43
17.61
17.27
18.47
19.32
19.26
19.6
20.198
21.18
21.85
22.11