24.27
24.25
24.26
24.26
25.03
25.06
25.44
24.61
23.23
22.61
21.79
21.77
22.01
21.1
21.15
21.12
20.52
20.3
20.85
20.52
21.01
21.82
21.85
22.36
22.4
21.9
21.2
20.78
20.26
20.06
19.82
20.17
20.16
19.79
19.4
19.7
19.55
19.78
19.87
20.5
20.74
21.26
21.4
20.18
19.22
17.2
17.5
17.94
17.98
17.84
18.23
18.31
18.59
18.45
17.77
17.47
17.77
17.82
18.03
17.8
17.82
17.13
16.8
16.89
16.87
16.9
17.03
17.6
17.49
17.6
17.8
17.66
18.01
18.25
18.15
18.15
17.7
17.47
17.19
16.85
16.65
16.82
16.97
16.99
16.92
16.61
16.61
16.65
17.07
16.46
16.14
16
15.85
16.15
15.97
16.12
16.15
15.67
16.03
16.04
16.33
16.38
16.2
16.07
16.21
16.2
16.6
16.66
17.36
20
19.98
20.28
20.35
20.18
20.03
19.76
19.8
19.35
19.54
18.92
18.14
18.05
18
17.65
17.68
17.94
17.66
17.93
18.22
18.43
18.55
18.15
17.85
17.11
17.15
16.77
16.75
16.53
17.05
17.12
16.73
17.65
17.44
17.62
18.1
18.29
18.53
18.22
18.48
18.21
17.99
18.04
18.1
18.41
18.35
18.68
18.17
18.988
19.38
18.69
18.45
18.63
18.37
18.31
18.68
18.45
18.6
18.37
17.57
17.14
16.5
15.8
15.9
14.71
14.7
14.65
14.58
14.44
14.37
14.3
14.49
14.34
14.3
14.3
14.36
14.53
14.61
14.75
14.97
14.93
15.05
14.86
15
15.02
15.06
14.99
14.5
15.08
15.11
15.2
15.08
15.25
15.2
15.1
15.23
15.24
15.19
15.52
15.75
15.84
15.77
15.9
16
15.93
15.95
16.12
16.4
16.64
16.36
16.69
16.85
15.92
15.63
15.96
17.05
18.77
18
17.7
17.72
17.33
17.84
16.95
16.57
16.91
16.86
16.7
16.61
16.57
16.82
17.09
17.01
17.07
17.38
17.13
17.46
17.51
17.22
17.24
16.91
16.5
16.31
16.31
16.39
16.63
16.52
16.34
16.82
17.52
18.23
18.6
18.76
18.94
19.4
18.97
19.48
19.56
19.5
18.26
18.31
17.96
18
18.82
18.2
18.22
18
18.27
18.45
18.66
18.72
18.73
18.7
18.98
19.15
18.75
18.35
19.04
17.96
18.22
18.11
17.52
17.55
17.43
17.84
17.65
17.7
18
17.58
17.82
17.6
16.95
17.04
16.94
16.86
16.76
17.88
17.86
18.19
18.18
17.49
19.95
20.46
24.32
23.75
23.78
23.02
22.92
23.42
23.21
21.79
21.5
18.52
18.44
18.3
19.22
18.9
18.3
17.93
17.99
17.96
18.4
18.81
20.05
19.74
19.62
19.37
18.39
18.59
18.39
18.4
18.33
18.8
18.65
18.95
18.96
19.56
20.43
20.78
19.85
19.71
19.17
18.67
18.17
18.25
18.19
17.57
16.34
16.61
16.65
16.39
15.89
16.34
18.52
18.43
18.12
18.57
18.52
18.51
18.29
17.98
18.02
18.21
17.98
17.59
17.53
17.24
17.02
17.25
16.93
16.8
16.6
16.24
16.29
16.24
16.3
16.27
16.48
16.34
16.16
15.9
15.71
14.82
14.63
14.45
14.84
15.07
15.36
15.22
15.11
15.04
15.1
15.12
14.25
14.45
14.07
14.22
14.4
14.2
14.15
14.35
14.21
14.09
14.06
14.63
14.61
14.17
14.28
14.12
14.93
13.95
14.22
14.73
14.7
14.85
15.15
17.21
17.2
17.33
17.48
16.94
17.37
17.71
17.52
17.38
16.68
16.5
16.74
17.12
16.88
17.12
17.59
16
16.41
16.4
16.16
15.69
15.98
15.94
16.86
16.75
16.83
17.08
16.65
16.33
17
16.81
16.77
17.69
18.61
19.1
19.11
19.45
18.53
17.85
18.47
17.96
17.72
17.93
18
18.56
18.62
18.16
18.1
16.47
16.09
14.54
14.07
14.55
14.62
15.51
16.61
16.4
16.33
17.22
17.89
16.64
17.21
17.01
17.22
16.8
18.29
17.44
16.16
18.18
18.23
18.55
19.7
19.87
20.12
20.51
21
21.62
22.79
22.64