178
177.95
176.55
176.63
177.14
177.94
179.81
179.95
181.01
179.02
178.29
177.3
178.6
179.3
181.53
175.8
172.5
170.45
176.29
176.03
176.85
181.89
183.51
182.56
180.4
181.3
179.15
178.87
179.3
178.76
176.66
178.13
177.5
178.35
178.31
179.79
180.5
178.56
179.29
180.63
182.36
180.57
179.26
174.15
171.38
171.9
172.3
175.2
175.5
174.93
176.65
174.71
174.49
173.45
172.61
171.95
173
172.7
170.25
169.18
169.83
169.3
171.39
168.83
167.94
165.9
164.5
169.24
170.21
171.69
172.5
170.62
171.99
170.88
172.26
173.01
173.76
172.4
173.09
171.94
170.91
171.27
172.4
170.4
168.17
165.25
166.91
167.86
168.88
168.84
168.28
167.16
166.84
169.34
171.25
171.49
170.09
167.95
170.06
169.98
171.88
169.95
168.97
169.3
170.3
169.82
172
169.07
174.7
166.01
165.01
164.64
164.16
164.8
163.59
159.66
160.25
160.13
158.74
156.49
153.37
151.69
149.25
149.03
149
151.72
151.9
152.28
150.92
152.84
156.25
152.72
153.01
152.36
152.88
151.71
149.59
147.67
151.26
150.15
148.17
154.77
154.08
153.27
153.41
153.64
151.85
151.75
152.7
151.97
152.23
150.3
148.51
148.52
148.08
148.445
144.72
148
150.11
150.17
150.4
150.31
150.23
151.49
150.71
151.45
150.17
153.6
153.34
151.74
149.5
146.67
147.09
145.79
144.96
143.9
142.95
141.35
141.27
139.76
139.62
139.72
140.8
141
141.2
142.11
142.26
141.86
141.93
142.31
142.4
141.99
140.36
139.05
140.08
139.48
137.93
141.15
139.71
140.34
140.2
139.29
139.46
138.71
138.91
137.72
137.15
137.03
136.88
136.63
137.09
136.47
136.79
135.26
134.16
135.89
133.6
133.5
133.5
133.07
133.45
134.1
134.6975
134.1
134.49
132.6
132.24
130.98
131.24
133.22
132.25
130.17
131.58
132.68
131.63
130
129.38
127.31
128.1
128.23
128.41
128.04
127.49
125.61
124.35
124.82
123.55
120.98
118.86
117.55
116.03
116.595
117
118.19
116.96
117
118.86
118.92
119.5
119.85
120.9
120.08
120
117.86
119.22
119.22
117.98
117
117.69
115.95
115.11
118.38
120.32
120.57
120.12
121.01
121.23
122.4
118.2
118.39
116.81
114.48
116.73
119.1256
119.53
123.93
121.5
122.03
122.83
119.59
122
130.23
131.41
132.01
130.5
131.74
131.64
133.5
132.72
129.78
130.07
128.74
128.68
128.2
128.49
128.21
129.01
130.23
129.68
129.04
128.43
128.25
129.17
128.38
128.03
129.18
129.21
127.61
127.37
127.56
130.5
129.13
128.65
129.91
128.2
127.98
126.89
128.03
125.96
129.71
130.92
130.04
126.67
126.85
126.38
125.6
126.6
124.35
124.05
123.12
124.47
124.51
123.33
123.6
124.01
123.66
123.5
124.91
124.7
125.2
125.07
125.34
125.25
124.98
122.94
123.09
124.06
123.85
124.65
127.52
122.42
122
121.39
119.9
121.92
121.25
118.99
117.32
117.74
117.5
118.39
118.63
117.71
116.43
116.63
113.36
113.94
114.2
114.67
113.37
110.63
111.57
111.01
114.37
114.65
114.12
113.77
114.42
113.87
115.3
114.07
115
117.54
118.13
117.76
119.24
118.62
118.975
118.69
118.5
119.46
119.56
118.24
118.13
116.24
117.42
116.96
117.05
116.8
118.82
119.38
120.38
119.98
120.41
119.62
119.54
117.16
118.04
116.61
117.52
117.83
116.82
119.575
107.94
110.49
109.87
111.21
112.55
112.43
111.1
109.74
110.79
110.62
112.23
109.34
110.7
114.25
113.79
112.47
112.11
114.07
113.75
114.7
116.73
113.83
113.32
112.13
112.01
111.36
111.66
111.56
112.15
110.49
109.11
109.28
108.48
107.91
106.7
104.78
108.07
110.05
110.25
109.68
107.83
107.6
108.7
107.11
104.21
106.85
105.49
102.55
105.8
101.94
103.8
103.74
99.6
101.55
97.14
100.41
109.51
111.8
115.27
114.8
112.27
108.99
107.2
97.79
97.76
98.72
96.41
94.91
92.83
96.53
93.98
95.85
100.58
99
97.91
99.88
100.5
101.13
102.89
101.95
106
107
106.42
105.02
104.74
105.89
105.22
104.91
106.08
107.49
105.37
105.3
102.285
104.15
105.05
106.18
104
106.48
104.81
106.27
107
104.83
105.84
105.78
106.33
106
107.19
106.84
107.36
105.8
104.62
103.32
107.71
108.48
108.27
105.96
107
108.04
108.8
103.19
103.22
102.46
104.51
103.96
103.9
102.94
102.2
101.91
97.79
97.37
98.73
97.18
96.18
94.99
94.08
93.66
93.32
92.9
91.89
93.11
94.08
92.94
88.9
90.05
88.44
89.1
92.08
95.79
93.06
93.4
93.77
94.62
93.2
93.37
92.9
92.37
92.31
91.68
90.07
90.78
89.69
87.2
89.76
88.81
86.85
90.6
89.88
89.1
85.95
86.95
77.03
87.52
93.54
94.63
94.08
94.42
93.54
94.05
92.7
93.73
95.68
95.38
97.18
95.25
93.79
93.53
94.95
94.91
96.32
94.84
96.58
97.35
96.96
96.74
98.95
95.85
92.55
90.28
90
90.46
88.66
87.35
86.73
86.29
87.8
86.49
87.4
86.77
86.6
86.61
88.12
89.26
87.66
84.96
83.41
82.83
81.64
81.76
80.82
80.55
81.37
82.31
80.83
80.6
81.82
81.87
82.14
81.35
79.76
79.3
79.95
80.25
79.6
80.43
80.35
80.19
80.47
81.25
80.33
81.41
78.94
77.72
77.87
78.48
79.1
78
77.97
78.55
79.33
79.24
80.01
80.01
81.83
81.87
82.77
84.1
84.32
84
81.54
81.48
82.47
83.55
83.17
81.93
82.21
82.5
82.63
82.65
80.8
82.25
82.5
82.9
83.81
83.38
82.72
85.5
84.71
83.92
83.39
81.12
79.25
78.36
77.96
78.6
78.1
77.8
78.5
79.68
80.9
81.23
79.3
79.61
79
80.68
79.88
78.5
78.5
79.96
79.55
76.986
75.94
75.3
76.46
76.86
75.09
74.85
74.05
75.68
75.71