10220640
12186930
9491241
8872001
8498301
11143880
11841860
14841100
17208480
28450570
13566430
14607730
16785360
13153390
19505890
20326090
20177280
20162370
24420700
19977450
25129620
41867070
14366700
12290390
9426283
10367990
14466710
9579637
13005190
15230070
10220940
9535750
9514524
11058700
12599830
10467000
12895890
13274060
17789310
35448690
37999510
19936260
24309980
30266080
11690100
15861100
12163060
13807700
12422870
13873480
12723070
15926670
11455560
13601140
10461960
11251830
11330830
14552670
12711640
14453310
11926980
8177141
13350740
15274870
12157690
19131680
23083780
41207930
12040370
11088960
12226570
13021560
12898300
15643240
15564130
9112378
11179730
12353760
10985350
18039640
13886740
13214940
11663360
17216280
11117630
11111780
8477431
12589850
14015950
9838383
11377350
11898620
15065590
17009420
15732840
8713651
12940140
13778190
20551720
10800730
14317200
12765230
10505980
10519470
17181110
14286110
25429310
24546680
68454830
32989200
15309000
17208500
14712450
18409730
26144510
23686800
12757430
16305570
13912150
22710090
13652540
13326410
13249750
14934450
14321330
13862740
14909670
23948630
16696230
19351560
18030200
17897280
12835380
14943770
14733590
18944190
22843010
18956910
20774910
20474720
33150610
35541670
17795860
12040430
13443610
12504820
16838650
14511530
18001140
13213700
14984540
19827210
17914740
12807840
12578390
16165160
22778870
28232610
14506870
14952950
9584769
11832750
11994140
17381800
15813350
17104730
36185180
28301550
21617190
25170200
30607510
11072600
12388100
17718030
14397480
12172640
15948700
15544500
14795020
11488510
10939950
11600930
16627940
9033921
11811450
15089610
17132150
11934110
13552550
11366390
12393610
16504590
14660670
12791820
16636900
12992700
17020610
29855980
12002150
20487730
13604260
19315340
12935370
10949000
16299220
15523900
10174840
13517880
12562040
11154380
12278560
16241330
16096310
14300970
12617180
18408460
27331930
14735860
12265480
12816260
13215470
14346090
13511640
15050270
16454060
22370760
14585030
17015610
24776070
54281800
47329480
19642550
18919750
19505970
19964800
18745640
15140910
16566300
19068380
12171270
13107440
15279990
24857410
18596580
18334560
17299590
22874170
28525570
19459380
19594560
20635600
18668290
9925082
11985740
12034590
10885030
16226770
10747610
13673570
15871360
25316220
20113550
25890630
29568990
17782470
17452710
22427310
21891800
19089060
20123920
25050450
43231480
30135230
18871130
18081770
8658605
15646580
26006340
35359460
22768330
18570820
32358800
34629110
51315610
32814370
67808300
31883790
19391790
22957100
30468330
63660540
43895660
21974210
15649280
24500920
16628680
13066210
13307700
17420290
18983740
13148980
16723000
13487280
11317650
13335970
17106910
11043240
17508530
15113560
12800360
11673340
12354920
14294610
13134510
18392040
14489880
12035720
15600130
15041370
28293920
15358850
14045780
11076150
14927990
24083560
15084660
15712050
17987510
21159830
26963940
15655250
27942000
26241480
12074470
13522260
14183190
17778300
15901270
17467840
10720680
12226720
13302050
14377070
11582430
12378280
13759700
14209580
19280400
12146150
11708610
10645370
19587330
15216950
20144810
21052200
18479970
23919790
24986020
34943890
78673980
50218420
17417060
18453230
18363590
17787630
19991920
21502910
20816900
16601530
14554060
16180680
15084590
17613670
18117330
16612350
24318520
14206220
14955080
23159510
20935530
26772900
36172810
40555840
16096460
14811570
18997270
20746500
24410770
19207560
19789270
17573960
31675970
18474380
13842230
14493990
17069990
12721610
14115480
13216260
15003570
23526050
13476050
18437640
20026150
20156400
20409860
18893950
20510770
21596120
21296660
31188070
18077540
21649010
21976560
23127390
21097310
26362480
22032830
23414270
24087870
27789510
37106010
86913390
50504560
22393840
20997040
38397070
20711310
21020820
30177490
21127750
20793730
28439970
88165850
26190250
39707140
48467350
20683460
20794390
22779490
48418260
24751160
21171030
33196410
29789720
21332720
17157540
18546450
18989920
18430870
36265530
24215410
24696190
17596280
17240940
20667610
24835810
20458320
25582660
31487180
24908230
21337720
25656490
26743550
32739960
26658020
29862100
34313290
25279170
35675920
32385500
29543040
44009090
45604490
36158700
43598890
45044840
62616740
71119290
76801180
38784240
56867520
59704890
46025570
62660640
107251300
53505580
26749760
32382100
30371970
30479780
59015930
30840640
46068460
48617610
33297700
28301680
29896390
35351010
45038210
25046390
23238890
37846820
18382210
13103910
17149240
13045160
6512134
19571550
14584780
16105710
35810840
21580540
22095830
21697070
24693110
26357790
17435630
23468200
20376290
15447530
21212310
23193110
24334420
22743200
20055950
5913066
15140370
23512790
19740130
22102030
25492640
23797450
26774350
49256510
30161510
20852000
25023690
24999520
26354740
35046680
63142550
41832160
21178920
23972130
33436740
20157920
24053690
23741160
25912180
42754060
25971110
21971730
30824330
23605470
25370980
27499010
19197310
19406320
18396970
19979290
27237050
24094490
22459730
27258120
37672130
29219020
36113040
42212360
41060880
28910510
29037890
21672220
36834600
28760280
62232280
27716330
16265640
18820730
20108630
21102320
26392490
32482750
26935820
27277250
26954140
27010970
35958020
32771380
33174580
42290120
44994100
51860780
83487210
62473650
44415420
23176290
22222720
18284030
15904340
17398890
27075100
22244980
21461830
23141300
42205860
29718020
20050730
29262980
46386320
86021630
61383310
34826750
38428000
33351170
29281230
28196110
39163900
54786320
53767930
21417840
30818700
26568630
29682360
23191120
23237200
24351990
33023960
24592870
16875000
25198260
23195430
35869530
38185770
27245480
41337040
50336830
29076040
23337800
26726860
18326140
13673040
18782870
11403090
18619240
21485920
16443310
16882270
16087280
20825910
31633300
18900690
18106110
16111570
11974610
14132160
16271510
19547070
13376150
23024330
17943450
21560230
27029540
49376110
21485710
21249920
18826100
19921440
19727740
28610160
22243130
14664320
22811310
28924470
26400340
23724520
25401050
29617390
73607220
43286780
26824310
28700450
24156000
13678800
22358670
19612620
26868830
12501090
15902970
18936170
17442950
19008980
19631440
22028080
19705200
24506180
18313110
32754510
37348640
32507390
27291310
44405260
42047570
36732660
22105760
19289450
18481750
16069270
20141490
22965310
18908230
24457940
27792840
28057010
18602170
21645890
30705140
30980750
25546020
18871220
24105020
36904680
45778750
22410540
25243920
18487260
17212100
20817690
15783750
16182700
21131450
15002820