10381720
9763648
9099373
10111480
16091370
19349660
20656850
46020830
48809010
17905240
34009160
17005320
14284530
17229250
14866470
11847920
14012660
10638080
11631700
15241280
14662000
23624220
13839160
19659620
7584013
21151540
18293430
16793770
12823630
12960070
11187180
11915240
11803440
16284530
20253330
16282040
22199750
25503740
22246890
24444630
18813390
28033140
34005930
63567700
112182900
19728370
12512540
13990780
7255646
9278923
7756431
8932315
12999190
15799540
30675930
9978057
10175440
8812168
16413590
21238240
17342140
12864200
8458920
9355869
7026524
9065760
12881380
13231860
5546971
6951425
7719507
7063501
14701160
12623880
9292295
13677560
19781630
13947370
11593580
14656390
12331140
10465840
8482442
7840275
6621762
11409160
7750164
11488460
10335860
15148430
11043620
12064920
7804163
9155222
15919500
5937985
9880843
8404839
11801850
7751119
12112450
9106930
15033320
15090890
13262760
21612280
35900030
26199610
86496560
24150520
13564320
17173430
15277240
24505900
13461290
15517440
24130510
20820920
17504130
29980370
18087710
8582204
13422120
18602500
8809971
9040399
13405460
18786810
17366400
14732280
17403910
24787630
20696690
23621980
8506965
11303960
9926394
11878840
12639650
13220590
20490460
21264210
10534750
15841660
22768020
10553220
9369977
13166630
17408760
18187250
10448930
9550892
15504270
16821490
11347500
16144480
19874640
30060120
35619780
22593160
21998000
12439400
9966286
12488190
18935740
15037810
24596260
29730120
64099470
47382950
26464050
41094400
79244990
20422790
12752740
13785910
9545010
14258650
9691113
10363720
10525680
12906270
7590104
9983786
8246373
18054960
13720070
8920975
11588170
8377938
8405873
11065330
14817670
10442020
15535650
11588010
21040530
19068780
12490220
10985400
11654250
19343520
15034220
8716672
13690220
10952700
12640490
16672230
11444560
15179880
12396110
18150850
10834170
13634500
9131252
15282340
13571130
15994330
14369850
21581000
35157520
34753570
29081240
72991600
109153300
37262650
26750930
13188700
14376110
19353850
21112590
25842410
18255680
11846530
10075220
10942900
12722060
11780550
14811540
12706130
12700840
13122280
11352890
12372700
10961010
10458690
11907790
14651850
17055740
15852890
11133650
13998670
14675510
13488480
13014550
18032850
27925100
34378450
16778990
12232330
14198830
11932830
13415420
15092590
15573240
15945930
19678430
32109060
14020230
12112400
12178380
19585590
20563130
13528340
19238400
7862681
16975080
10685140
13048550
12488060
16233820
14980890
19510530
23079110
15344410
31048940
33941230
19943260
25981070
30970110
17031510
20841150
22601440
19506610
29314890
63633740
35062280
30662410
41720100
58349470
15079340
17362650
18419970
25758280
73566060
18628990
23493720
49043590
105649300
38626230
109130200
61746090
21518540
37479890
16853040
26394350
44398000
65365590
95248720
191954800
15795400
16182930
15739680
23235470
40212130
14479610
16088860
15874310
18277860
30834200
45050320
26361940
24139030
19858750
39739520
34179120
8893343
11406520
11213250
13255510
16752680
14073480
17488010
16995780
47512680
22754650
23482730
58747770
28375480
30891100
28568210
19257890
15477700
22779150
33088860
55540080
16544990
26022790
25980920
31421100
83048520
42891160
21407700
19614010
13922400
15020560
27264650
29697580
17361120
19546700
17913130
23773880
24027270
24845960
13438130
15656560
15699640
20712950
14096440
18206930
18660550
23505610
31502120
25181790
13719890
14997090
22836110
32207520
23597620
53448310
37268890
43037420
22059030
12350370
12955030
16483300
13753110
15484980
13177800
18238410
24287050
28335660
21101450
23175910
36203740
12896350
18485110
15876420
14256190
15571680
11561080
12696550
19828540
13777470
14578370
11448980
21194050
29058570
41644060
26012500
26115620
26859020
34738090
84705730
43206570
18962430
14848420
13584400
17737080
24776320
17271060
16344840
16206500
22629130
14924560
14175570
18671480
23293210
23107430
41582710
38173250
20973750
18871040
19356940
16967340
14119710
14870600
17952140
9556987
12550230
21150730
17041100
24746270
19641790
16514980
21481300
33165140
21536050
16378250
19720770
30083620
23226070
17193350
19313520
17380300
16335240
22349060
26664380
25747340
24985020
23990570
34519530
25659410
17264850
35602150
38568340
40222290
26768010
24917010
24036590
18231820
24284020
31754430
49938610
16869490
16805380
16719660
22090740
33623990
15558870
26328300
69053770
24179450
24305740
37097740
35820880
14574130
21302190
21786970
20707190
13962840
16912710
15299530